32
-0.760505 0.448108
0.388448 0.567667
0.487119 0.756665
0.0279966 0.0280313
-0.159983 -0.0128088
-0.645387 0.0191634
-0.160774 -0.0999905
-0.221197 0.708508
-0.674654 -0.483987
0.286704 0.000649118
-0.702874 -0.733668
-0.356268 -0.051211
0.651034 -0.786691
-0.203296 0.567878
-0.452366 -0.336504
-0.0293743 0.244583
0.57934 0.0570501
-0.678409 -0.352976
-0.228036 0.627325
0.459607 0.653546
-0.25428 -0.229336
-0.414216 0.881677
-0.688163 0.901321
-0.277617 -0.625139
0.413956 -0.222257
0.377676 -0.0780586
0.186801 -0.600782
-0.109127 -0.564419
-0.773982 -0.943924
-0.3522 0.712369
-0.124785 -0.192695
0.21345 -0.223117

