-0.811033571919 0.541440102536 0.0 1.88999729443 -4.08813701884 1.10511548618 2.1282107957
-0.811307732084 0.541041404736 1.64531847111e-05 1.88974865543 -4.08728005207 1.10452074685 2.12787299142
-0.812942749836 0.532784991391 5.62060602713e-05 1.88824817002 -4.08215794908 1.10096656822 2.12588079431
-0.813243313313 0.530260617701 5.61151466533e-05 1.887969312 -4.08121440956 1.10031195542 2.12551840257
-0.813318196998 0.529603006671 5.64879304449e-05 1.88789972029 -4.08097925743 1.10014881441 2.12542826142
-0.945795354212 0.114939408125 0.0344238904581 1.75002091239 -3.67000468162 0.815919363185 1.94911638698
-1.00233853831 0.0163405607651 0.0526272024101 1.6896219661 -3.49512745666 0.695069397519 1.88557383431
-1.30259855415 -0.355963460906 0.156113970038 1.5171619675 -2.56750895568 0.0542166930695 1.76726413825
-1.30838288938 -0.361785022355 0.158168490711 1.51566642615 -2.5497514412 0.0418790203595 1.76694126843
-1.35164850885 -0.404305376167 0.173582040511 1.5058646822 -2.42318540344 -0.0465922139662 1.76600901289
-1.73703337696 -0.88587740073 0.398179819941 1.5325704831 -1.37452970404 -0.78294155612 1.93053920982
-1.80544397104 -1.02454541547 0.472277850592 1.58719089676 -1.2036976624 -0.904446390191 2.03758118549
-1.84204996445 -1.11883126462 0.518101547787 1.63621230472 -1.11825277133 -0.965950195443 2.12565018499
-1.84274888822 -1.12082251294 0.51902689536 1.63735000795 -1.11668065262 -0.967090588599 2.12764143331
-1.84425605169 -1.12514655155 0.52103026585 1.63983514193 -1.11325453426 -0.969544396856 2.13196547192
-1.84699720682 -1.1331197281 0.524702625864 1.64446990185 -1.10681818485 -0.974093078535 2.13993864847
-1.8486601804 -1.13802795295 0.526949313585 1.64733105944 -1.10277937027 -0.976945490517 2.14484687332
-1.87757127152 -1.23449057334 0.568603146516 1.70820279025 -1.0331452879 -1.0262152836 2.24130949372
-1.90379640042 -1.35612847852 0.614296401478 1.78335065966 -0.974748736745 -1.06787052548 2.3629473989
-1.92161547695 -1.53450403387 0.667522396611 1.86540719751 -0.948441299672 -1.0876570113 2.5183944098
-1.92163910211 -1.53527088259 0.667715843127 1.86568771793 -0.948479195508 -1.08763605944 2.51896369199
-1.92183957346 -1.54250194564 0.669525070203 1.86830249338 -0.948772421992 -1.08747456477 2.52429010936
-1.92394016113 -1.59074608098 0.68090666186 1.88434021923 -0.947761701984 -1.0884625051 2.55789821711
-1.92402062963 -1.59203680625 0.681194214266 1.88473492587 -0.94766449029 -1.08853775607 2.55873950946
-1.92408441935 -1.59303065406 0.681419593798 1.88504378105 -0.947586257884 -1.08859815233 2.5593843723
-1.92494281965 -1.60269045786 0.684508194802 1.88926871231 -0.946569580916 -1.08938213669 2.56780611972
-1.92508552517 -1.60334354796 0.685041731408 1.88999729443 -0.946412728739 -1.0895030907 2.56917045156
